0.8458423614501953 0.8449945449829102 26 15
0.9708423614501953 0.9697513580322266 27 15
0.9723339080810547 0.9695072174072266 27 15
0.9716806411743164 0.9691400527954102 26 15
0.9757089614868164 0.9729242324829102 26 15
0.9807443618774414 0.9884538650512695 26 15
0.9834299087524414 0.9723215103149414 26 15
0.9806337356567383 0.9899225234985352 26 15
0.9866113662719727 0.9942903518676758 26 15
0.9707365036010742 0.9702787399291992 26 11
0.9093027114868164 0.9665002822875977 26 15
0.9691610336303711 0.8856525421142578 26 14
0.9718027114868164 0.9693851470947266 26 15
0.9696798324584961 0.9721012115478516 26 15
0.9713296890258789 0.9703950881958008 26 7
0.9834318161010742 0.969019889831543 26 15
1.9718046188354492 1.9700260162353516 26 15
0.9863615036010742 0.9704008102416992 26 15
1.9865808486938477 1.9699983596801758 26 15
0.7340173721313477 0.6351509094238281 26 7
0.9708261489868164 0.8762445449829102 26 15
1.9718027114868164 1.9690179824829102 26 15
0.9864835739135742 0.9727954864501953 26 15
0.9768152236938477 0.9901313781738281 26 15
0.9405603408813477 0.9338541030883789 26 11
0.9718637466430664 0.9690790176391602 26 15
0.7366151809692383 0.722325325012207 26 15
0.971806526184082 0.9690227508544922 26 15
0.9834375381469727 0.9697351455688477 27 15
0.9840517044067383 0.9039850234985352 26 15
